0 0.685590 0.942164 0.235808 0.115672
0 0.091703 0.608209 0.174672 0.126866
0 0.257642 0.600746 0.139738 0.186567
0 0.292576 0.436567 0.104803 0.156716
0 0.050218 0.272388 0.091703 0.537313
0 0.310044 0.305970 0.087336 0.104478
0 0.218341 0.223881 0.139738 0.089552
0 0.106987 0.145522 0.126638 0.074627
0 0.209607 0.082090 0.078603 0.104478
0 0.294760 0.123134 0.117904 0.082090
0 0.314410 0.210821 0.096070 0.100746
0 0.406114 0.236940 0.157205 0.055970
0 0.310044 0.770522 0.087336 0.212687
0 0.818777 0.707090 0.152838 0.100746
0 0.521834 0.408582 0.109170 0.347015
0 0.347162 0.104478 0.248908 0.201493
0 0.417031 0.722015 0.117904 0.227612
0 0.532751 0.753731 0.096070 0.261194
0 0.820961 0.378731 0.183406 0.242537
0 0.657205 0.401119 0.117904 0.160448
0 0.565502 0.179104 0.205240 0.111940
0 0.768559 0.100746 0.104803 0.194030
